    999     999     999     999     999     999     999     999     999     999     999     999     999     999     999     999     999     999     999     999     999     999     999     999     999     999     999     999     999     999     999     999     999     999     999     999     999     999     999     999     999     999     999     999     999     999     999     999     999     999     999     999     999
    999     999     999     999     999     999     999     999     999     999     999     999     999     999     999     999     999     999     999     999     999     999     999     999     999     999     999     999     999     999     999     999     999     999     999     999     999     999     999     999     999     999     999     999     999     999     999     999     999     999     999     999     999
    999     999     999     999     999     999     999     999     999     999     999     999     999     999     999     999     999     999     999     999     999     999     999     999     999     999     999     999     999     999     999     999     999     999     999     999     999     999     999     999     999     999     999     999     999     999     999     999     999     999     999     999     999
    999     999     999     999     999     999     999     999     999     999     999     999     999     999     999     999     999     999     999     999     999     999     999     999     999     999     999     999     999     999     999     999     999     999     999     999     999     999     999     999     999     999     999     999     999     999     999     999     999     999     999     999     999
    999     999     999     999     999     999     999     999     999     999     999     999     999     999     999     999     999     999     999     999     999     999     999     999     999     999     999     999     999     999     999     999     999     999     999     999     999     999     999     999     999     999     999     999     999     999     999     999     999     999     999     999     999
    999     999     999     999     999     999     999     999     999     999     999     999     999     999     999     999     999     999     999     999     999     999     999     999     999     999     999     999     999     999     999     999     999     999     999     999     999     999     999     999     999     999     999     999     999     999     999     999     999     999     999     999     999
    999     999     999     999     999     999     999     999     999     999     999     999     999     999     999     999     999     999     999     999     999     999     999     999     999     999     999     999     999     999     999     999     999     999     999     999     999     999     999     999     999     999     999     999     999     999     999     999     999     999     999     999     999
    999     999     999     999     999     999     999     999     999     999     999     999     999     999     999     999     999     999     999     999     999     999     999     999     999     999     999     999     999     999     999     999     999     999     999     999     999     999     999     999     999     999     999     999     999     999     999     999     999     999     999     999     999
    999     999     999     999     999     999     999     999     999     999     999     999     999     999     999     999     999     999     999     999     999     999     999     999     999     999     999     999     999     999     999     999     999     999     999     999     999     999     999     999     999     999     999     999     999     999     999     999     999     999     999     999     999
    999     999     999     999     999     999     999     999     999     999     999     999     999     999     999     999     999     999     999     999     999     999     999     999     999     999     999     999     999     999     999     999     999     999     999     999     999     999     999     999     999     999     999     999     999     999     999     999     999     999     999     999     999
    999     999     999     999     999     999     999     999     999     999     999     999     999     999     999     999     999     999     999     999     999     999     999     999     999     999     999     999     999     999     999     999     999     999     999     999     999     999     999     999     999     999     999     999     999     999     999     999     999     999     999     999     999
    999     999     999     999     999     999     999     999     999     999     999 73.8406 73.4264 73.8406     999     999     999     999     999     999     999     999     999     999     999     999     999     999     999     999     999     999     999     999     999     999     999     999     999     999     999     999     999     999     999     999     999     999     999     999     999     999     999
    999     999     999     999     999     999     999     999     999     999     999 73.4264 72.4264 72.0122 72.4264     999     999     999     999     999     999     999     999     999     999     999     999     999     999     999     999     999     999     999     999     999     999     999     999     999     999     999     999     999     999     999     999     999     999     999     999     999     999
    999     999     999     999     999     999     999     999     999     999     999 73.8406 72.0122 71.0122  70.598 71.0122     999     999     999     999     999     999     999     999     999     999     999     999     999     999     999     999     999     999     999     999     999     999     999     999     999     999     999     999     999     999     999     999     999     999     999     999     999
    999     999     999     999     999     999     999     999     999     999     999     999     999     999  69.598 69.1838  69.598     999     999     999     999     999     999     999     999     999     999     999     999     999     999     999     999     999     999     999     999     999     999     999     999     999     999     999     999     999     999     999     999     999     999     999     999
    999     999     999     999     999     999     999     999     999     999     999     999     999     999  68.598 68.1838 67.7696 68.1838     999     999     999     999     999     999     999     999     999     999     999     999     999     999     999     999     999     999     999     999     999     999     999     999     999     999     999     999     999     999     999     999     999     999     999
    999     999     999     999     999     999     999     999     999     999     999     999     999     999  67.598 67.1838 66.7696 66.3553 66.7696     999     999     999     999     999     999     999     999     999     999     999     999     999     999     999     999     999     999     999     999     999     999     999     999     999     999     999     999     999     999     999     999     999     999
    999     999     999     999     999     999     999     999     999     999     999     999     999     999  66.598 66.1838 65.7696 65.3553 64.9411 65.3553     999     999     999     999     999     999     999     999     999     999     999     999     999     999     999     999     999     999     999     999     999     999     999     999     999     999     999     999     999     999     999     999     999
    999     999     999     999     999     999     999     999     999     999     999     999     999     999  65.598 65.1838 64.7696 64.3553 63.9411 63.5269 63.9411     999     999     999     999     999     999     999     999     999     999     999     999     999     999     999     999     999     999     999     999     999     999     999     999     999     999     999     999     999     999     999     999
    999     999     999     999     999     999     999     999     999     999     999     999     999     999  64.598 64.1838 63.7696 63.3553 62.9411 62.5269 62.1127 62.5269     999     999     999     999     999     999     999     999     999     999     999     999     999     999     999     999     999     999     999     999     999     999     999     999     999     999     999     999     999     999     999
    999     999     999     999     999     999     999     999     999     999     999     999     999     999  63.598 63.1838 62.7696 62.3553 61.9411 61.5269 61.1127 60.6985 61.1127     999     999     999     999     999     999     999     999     999     999     999     999     999     999     999     999     999     999     999     999     999     999     999     999     999     999     999     999     999     999
    999     999     999     999     999     999     999     999     999     999     999     999     999     999  62.598 62.1838 61.7696 61.3553 60.9411 60.5269 60.1127 59.6985 59.2843     999     999     999     999     999     999     999     999     999     999     999     999     999     999     999     999     999     999     999     999     999     999     999     999     999     999     999     999     999     999
    999     999     999     999     999     999     999     999     999     999 63.2548 62.8406 62.4264 62.0122  61.598 61.1838 60.7696 60.3553 59.9411 59.5269 59.1127 58.6985 58.2843     999     999     999     999     999     999     999     999     999     999     999     999     999     999     999     999     999     999     999     999     999     999     999     999     999     999     999     999     999     999
    999     999     999     999     999     999     999     999     999     999 62.2548 61.8406 61.4264 61.0122  60.598 60.1838 59.7696 59.3553 58.9411 58.5269 58.1127 57.6985 57.2843     999     999     999     999     999     999     999     999     999     999     999     999     999     999     999     999     999     999     999     999     999     999     999     999     999     999     999     999     999     999
    999     999     999     999     999     999     999     999     999     999 61.2548 60.8406 60.4264 60.0122  59.598 59.1838 58.7696 58.3553 57.9411 57.5269 57.1127 56.6985 56.2843     999     999     999     999     999     999     999     999     999     999     999     999     999     999     999     999     999     999     999     999     999     999     999     999     999     999     999     999     999     999
    999     999     999     999     999     999     999     999     999     999 60.2548 59.8406 59.4264 59.0122  58.598 58.1838 57.7696 57.3553 56.9411 56.5269 56.1127 55.6985 55.2843     999     999     999     999     999     999     999     999     999     999     999     999     999     999     999     999     999     999     999     999     999     999     999     999     999     999     999     999     999     999
    999     999     999     999     999     999     999     999     999     999 59.2548 58.8406 58.4264 58.0122  57.598 57.1838 56.7696 56.3553 55.9411 55.5269 55.1127 54.6985 54.2843     999     999     999     999     999     999     999     999     999     999     999     999     999     999     999     999     999     999     999     999     999     999     999     999     999     999     999     999     999     999
    999     999     999     999     999     999     999     999     999     999 58.2548 57.8406 57.4264 57.0122  56.598 56.1838 55.7696 55.3553 54.9411 54.5269 54.1127 53.6985 53.2843 52.8701 52.4558 52.0416 51.6274 51.2132  50.799 51.2132     999     999     999     999     999     999     999     999     999     999     999     999     999     999     999     999     999     999     999     999     999     999     999
    999     999     999     999     999     999     999     999     999     999 57.2548 56.8406 56.4264 56.0122  55.598 55.1838 54.7696 54.3553 53.9411 53.5269 53.1127 52.6985 52.2843 51.8701 51.4558 51.0416 50.6274 50.2132  49.799 49.3848  49.799     999     999     999     999     999     999     999     999     999     999     999     999     999     999     999     999     999     999     999     999     999     999
    999     999     999     999     999     999     999     999     999     999 56.8406 55.8406 55.4264 55.0122  54.598 54.1838 53.7696 53.3553 52.9411 52.5269 52.1127 51.6985 51.2843 50.8701 50.4558 50.0416 49.6274 49.2132  48.799 48.3848 47.9706 48.3848     999     999     999     999     999     999     999     999     999     999     999     999     999     999     999     999     999     999     999     999     999
    999     999     999     999     999     999     999     999     999     999 57.2548 55.4264 54.4264 54.0122  53.598 53.1838 52.7696 52.3553 51.9411 51.5269 51.1127 50.6985 50.2843 49.8701 49.4558 49.0416 48.6274 48.2132  47.799 47.3848 46.9706 46.5563 46.9706     999     999     999     999     999     999     999     999     999     999     999     999     999     999     999     999     999     999     999     999
    999     999     999     999     999     999     999     999     999     999     999 55.0122 54.0122 53.0122  52.598 52.1838 51.7696 51.3553 50.9411 50.5269 50.1127 49.6985 49.2843 48.8701 48.4558 48.0416 47.6274 47.2132  46.799 46.3848 45.9706 45.5563 45.1421 44.7279 45.1421     999     999     999     999     999     999     999     999     999     999     999     999     999     999     999     999     999     999
    999     999     999     999     999     999     999     999     999     999     999 55.4264  53.598  52.598  51.598 51.1838 50.7696 50.3553 49.9411 49.5269 49.1127 48.6985 48.8701 47.8701 47.4558 47.0416 46.6274 46.2132  45.799 45.3848 44.9706 44.5563 44.1421 43.7279 43.3137 43.7279     999     999     999     999     999     999     999     999     999     999     999     999     999     999     999     999     999
    999     999     999     999     999     999     999     999     999     999     999     999 54.0122 52.1838 51.1838 50.1838 49.7696 49.3553 48.9411 48.5269 48.1127 47.6985 48.1127 47.4558 46.4558 46.0416 45.6274 45.2132  44.799 44.3848 43.9706 43.5563 43.1421 42.7279 42.3137 41.8995 42.3137     999     999     999     999     999     999     999     999     999     999     999     999     999     999     999     999
    999     999     999     999     999     999     999     999     999     999     999     999     999 51.7696 50.7696 49.7696 48.7696 48.3553 47.9411 47.5269 47.1127 46.6985 47.1127 47.0416 46.0416 45.0416 44.6274 44.2132  43.799 43.3848 42.9706 42.5563 42.1421 41.7279 41.3137 40.8995 40.4853     999     999     999     999     999     999     999     999     999     999     999     999     999     999     999     999
    999     999     999     999     999     999     999     999     999     999     999     999     999     999     999     999     999 47.3553 46.9411 46.5269 46.1127 45.6985 46.1127 46.5269 45.6274 44.6274 43.6274 43.2132  42.799 42.3848 41.9706 41.5563 41.1421 40.7279 40.3137 39.8995 39.4853     999     999     999     999     999     999     999     999     999     999     999     999     999     999     999     999
    999     999     999     999     999     999     999     999     999     999     999     999     999     999     999     999     999 46.3553 45.9411 45.5269 45.1127 44.6985 45.1127 45.5269 45.2132 44.2132 43.2132 42.2132  41.799 41.3848 40.9706 40.5563 40.1421 39.7279 39.3137 38.8995 38.4853     999     999     999     999     999     999     999     999     999     999     999     999     999     999     999     999
    999     999     999     999     999     999     999     999     999     999     999     999     999     999     999     999     999 45.3553 44.9411 44.5269 44.1127 43.6985 44.1127 44.5269 44.9411 44.6274     999     999  40.799 40.3848 39.9706 39.5563 39.1421 38.7279 38.3137 37.8995 37.4853     999     999     999     999     999     999     999     999     999     999     999     999     999     999     999     999
    999     999     999     999     999     999     999     999     999     999     999     999     999     999     999     999     999 44.3553 43.9411 43.5269 43.1127 42.6985 43.1127 43.5269 43.9411     999     999     999     999 39.3848 38.9706 38.5563 38.1421 37.7279 37.3137 36.8995 36.4853     999     999     999     999     999     999     999     999     999     999     999     999     999     999     999     999
    999     999     999     999     999     999     999     999     999     999     999     999     999     999     999     999     999 43.3553 42.9411 42.5269 42.1127 41.6985 42.1127 42.5269     999     999     999     999     999     999 37.9706 37.5563 37.1421 36.7279 36.3137 35.8995 35.4853     999     999     999     999     999     999     999     999     999     999     999     999     999     999     999     999
    999     999     999     999     999     999     999     999     999     999     999     999     999     999     999     999     999 42.3553 41.9411 41.5269 41.1127 40.6985 41.1127     999     999     999     999     999     999     999     999 36.5563 36.1421 35.7279 35.3137 34.8995 34.4853     999     999     999     999     999     999     999     999     999     999     999     999     999     999     999     999
    999     999     999     999     999     999     999     999     999     999     999     999     999     999     999     999     999 41.3553 40.9411 40.5269 40.1127 39.6985     999     999     999     999     999     999     999     999     999     999 35.1421 34.7279 34.3137 33.8995 33.4853     999     999     999     999     999     999     999     999     999     999     999     999     999     999     999     999
    999     999     999     999     999     999     999     999     999     999     999     999     999     999     999     999     999 40.3553 39.9411 39.5269 39.1127 38.6985     999     999     999     999     999     999     999     999     999     999 34.1421 33.7279 33.3137 32.8995 32.4853     999     999     999     999     999     999     999     999     999     999     999     999     999     999     999     999
    999     999     999     999     999     999     999     999     999     999     999     999     999     999     999     999     999 39.3553 38.9411 38.5269 38.1127 37.6985 37.2843     999     999     999     999     999     999     999     999 33.5563 33.1421 32.7279 32.3137 31.8995 31.4853     999     999     999     999     999     999     999     999     999     999     999     999     999     999     999     999
    999     999     999     999     999     999     999     999     999     999     999     999     999     999     999     999     999 38.9411 37.9411 37.5269 37.1127 36.6985 36.2843 35.8701     999     999     999     999     999     999 32.9706 32.5563 32.1421 31.7279 31.3137 30.8995 30.4853     999     999     999     999     999     999     999     999     999     999     999     999     999     999     999     999
    999     999     999     999     999     999     999     999     999     999     999     999     999     999     999     999     999 38.5269 37.5269 36.5269 36.1127 35.6985 35.2843 34.8701 34.4558     999     999     999     999 32.3848 31.9706 31.5563 31.1421 30.7279 30.3137 29.8995 29.4853     999     999     999     999     999     999     999     999     999     999     999     999     999     999     999     999
    999     999     999     999     999     999     999     999     999     999     999     999     999     999     999     999     999 38.1127 37.1127 36.1127 35.1127 34.6985 34.2843 33.8701 33.4558 33.0416     999     999  31.799 31.3848 30.9706 30.5563 30.1421 29.7279 29.3137 28.8995 28.4853     999     999     999     999     999     999     999     999     999     999     999     999     999     999     999     999
    999     999     999     999     999     999     999     999     999     999     999     999     999     999     999     999     999 37.6985 36.6985 35.6985 34.6985 33.6985 33.2843 32.8701 32.4558 32.0416 31.6274 31.2132  30.799 30.3848 29.9706 29.5563 29.1421 28.7279 28.3137 27.8995 27.4853     999     999     999     999     999     999     999     999     999     999     999     999     999     999     999     999
    999     999     999     999     999     999     999     999     999     999     999     999     999     999     999     999     999 37.2843 36.2843 35.2843 34.2843 33.2843 32.2843 31.8701 31.4558 31.0416 30.6274 30.2132  29.799 29.3848 28.9706 28.5563 28.1421 27.7279 27.3137 26.8995 26.4853     999     999     999     999     999     999     999     999     999     999     999     999     999     999     999     999
    999     999     999     999     999     999     999     999     999     999     999     999     999     999     999     999     999 37.6985 35.8701 34.8701 33.8701 32.8701 31.8701 30.8701 30.4558 30.0416 29.6274 29.2132  28.799 28.3848 27.9706 27.5563 27.1421 26.7279 26.3137 25.8995 25.4853 25.0711 24.6569 24.2426 24.6569 25.0711 25.4853 25.8995     999     999     999     999     999     999     999     999     999
    999     999     999     999     999     999     999     999     999     999     999     999     999     999     999     999     999     999 36.2843 34.4558 33.4558 32.4558 31.4558 30.4558 29.4558 29.0416 28.6274 28.2132  27.799 27.3848 26.9706 26.5563 26.1421 25.7279 25.3137 24.8995 24.4853 24.0711 23.6569 23.2426 23.6569 24.0711 24.4853 24.8995     999     999     999     999     999     999     999     999     999
    999     999     999     999     999     999     999     999     999     999     999     999     999     999     999     999     999     999     999 34.0416 33.0416 32.0416 31.0416 30.0416 29.0416 28.0416 27.6274 27.2132  26.799 26.3848 25.9706 25.5563 25.1421 24.7279 24.3137 23.8995 23.4853 23.0711 22.6569 22.2426 22.6569 23.0711 23.4853 23.8995     999     999     999     999     999     999     999     999     999
    999     999     999     999     999     999     999     999     999     999     999     999     999     999     999     999     999     999     999 34.4558 32.6274 31.6274 30.6274 29.6274 28.6274 27.6274 26.6274 26.2132  25.799 25.3848 24.9706 24.5563 24.1421 23.7279 23.3137 22.8995 22.4853 22.0711 21.6569 21.2426 21.6569 22.0711 22.4853 22.8995     999     999     999     999     999     999     999     999     999
    999     999     999     999     999     999     999     999     999     999     999     999     999     999     999     999     999     999     999     999 33.0416 31.2132 30.2132 29.2132 28.2132 27.2132 26.2132 25.2132  24.799 24.3848 23.9706 23.5563 23.1421 22.7279 22.3137 21.8995 21.4853 21.0711 20.6569 20.2426 20.6569 21.0711 21.4853 21.8995     999     999     999     999     999     999     999     999     999
    999     999     999     999     999     999     999     999     999     999     999     999     999     999     999     999     999     999     999     999     999  30.799  29.799  28.799  27.799  26.799  25.799  24.799  23.799 23.3848 22.9706 22.5563 22.1421 21.7279 21.3137 20.8995 20.4853 20.0711 19.6569 19.2426 19.6569 20.0711 20.4853 20.8995 21.3137     999     999     999     999     999     999     999     999
    999     999     999     999     999     999     999     999     999     999     999     999     999     999     999     999     999     999     999     999     999 31.2132 29.3848 28.3848 27.3848 26.3848 25.3848 24.3848 23.3848 22.3848 21.9706 21.5563 21.1421 20.7279 20.3137 19.8995 19.4853 19.0711 18.6569 18.2426 18.6569 19.0711 19.4853 19.8995 20.3137     999     999     999     999     999     999     999     999
    999     999     999     999     999     999     999     999     999     999     999     999     999     999     999     999     999     999     999     999     999     999  29.799 27.9706 26.9706 25.9706 24.9706 23.9706 22.9706 21.9706 20.9706 20.5563 20.1421 19.7279 19.3137 18.8995 18.4853 18.0711 17.6569 17.2426 17.6569 18.0711 18.4853 18.8995 19.3137     999     999     999     999     999     999     999     999
    999     999     999     999     999     999     999     999     999     999     999     999     999     999     999     999     999     999     999     999     999     999     999     999     999     999     999     999     999     999     999 19.5563 19.1421 18.7279 18.3137 17.8995 17.4853 17.0711 16.6569 16.2426 16.6569 17.0711 17.4853 17.8995 18.3137     999     999     999     999     999     999     999     999
    999     999     999     999     999     999     999     999     999     999     999     999     999     999     999     999     999     999     999     999     999     999     999     999     999     999     999     999     999     999     999 18.5563 18.1421 17.7279 17.3137 16.8995 16.4853 16.0711 15.6569 15.2426 15.6569 16.0711 16.4853 16.8995 17.8995     999     999     999     999     999     999     999     999
    999     999     999     999     999     999     999     999     999     999     999     999     999     999     999     999     999     999     999     999     999     999     999     999     999     999     999     999     999     999     999 17.5563 17.1421 16.7279 16.3137 15.8995 15.4853 15.0711 14.6569 14.2426 14.6569 15.0711 15.4853 16.4853 17.4853     999     999     999     999     999     999     999     999
    999     999     999     999     999     999     999     999     999     999     999     999     999     999     999     999     999     999     999     999     999     999     999     999     999     999     999     999     999     999     999 16.5563 16.1421 15.7279 15.3137 14.8995 14.4853 14.0711 13.6569 13.2426 13.6569 14.0711 15.0711 16.0711 17.8995     999     999     999     999     999     999     999     999
    999     999     999     999     999     999     999     999     999     999     999     999     999     999     999     999     999     999     999     999     999     999     999     999     999     999     999     999     999     999     999 15.5563 15.1421 14.7279 14.3137 13.8995 13.4853 13.0711 12.6569 12.2426 12.6569 13.6569 14.6569 15.6569     999     999     999     999     999     999     999     999     999
    999     999     999     999     999     999     999     999     999     999     999     999     999     999     999     999     999     999     999     999     999     999     999     999     999     999     999     999     999     999     999 15.1421 14.1421 13.7279 13.3137 12.8995 12.4853 12.0711 11.6569 11.2426     999     999     999     999     999     999     999     999     999     999     999     999     999
    999     999     999     999     999     999     999     999     999     999     999     999     999     999     999     999     999     999     999     999     999     999     999     999     999     999     999     999     999     999     999 14.7279 13.7279 12.7279 12.3137 11.8995 11.4853 11.0711 10.6569 10.2426     999     999     999     999     999     999     999     999     999     999     999     999     999
    999     999     999     999     999     999     999     999     999     999     999     999     999     999     999     999     999     999     999     999     999     999     999     999     999     999     999     999     999     999     999 14.3137 13.3137 12.3137 11.3137 10.8995 10.4853 10.0711 9.65685 9.24264     999     999     999     999     999     999     999     999     999     999     999     999     999
    999     999     999     999     999     999     999     999     999     999     999     999     999     999     999     999     999     999     999     999     999     999     999     999     999     999     999     999     999     999     999 13.8995 12.8995 11.8995 10.8995 9.89949 9.48528 9.07107 8.65685 8.24264     999     999     999     999     999     999     999     999     999     999     999     999     999
    999     999     999     999     999     999     999     999     999     999     999     999     999     999     999     999     999     999     999     999     999     999     999     999     999     999     999     999     999     999     999 13.4853 12.4853 11.4853 10.4853 9.48528 8.48528 8.07107 7.65685 7.24264     999     999     999     999     999     999     999     999     999     999     999     999     999
    999     999     999     999     999     999     999     999     999     999     999     999     999     999     999     999     999     999     999     999     999     999     999     999     999     999     999     999     999     999     999 13.0711 12.0711 11.0711 10.0711 9.07107 8.07107 7.07107 6.65685 6.24264     999     999     999     999     999     999     999     999     999     999     999     999     999
    999     999     999     999     999     999     999     999     999     999     999     999     999     999     999     999     999     999     999     999     999     999     999     999     999     999     999     999     999     999     999 12.6569 11.6569 10.6569 9.65685 8.65685 7.65685 6.65685 5.65685 5.24264     999     999     999     999     999     999     999     999     999     999     999     999     999
    999     999     999     999     999     999     999     999     999     999     999     999     999     999     999     999     999     999     999     999     999     999     999     999     999     999     999     999     999     999     999 12.2426 11.2426 10.2426 9.24264 8.24264 7.24264 6.24264 5.24264 4.24264     999     999     999     999     999     999     999     999     999     999     999     999     999
    999     999     999     999     999     999     999     999     999     999     999     999     999     999     999     999     999     999     999     999     999     999     999     999     999     999     999     999     999     999 12.8284 11.8284 10.8284 9.82843 8.82843 7.82843 6.82843 5.82843 4.82843 3.82843 2.82843 2.41421       2 2.41421 2.82843 3.82843 4.82843 5.82843     999     999     999     999     999
    999     999     999     999     999     999     999     999     999     999     999     999     999     999     999     999     999     999     999     999     999     999     999     999     999     999     999     999     999     999 13.2426 11.4142 10.4142 9.41421 8.41421 7.41421 6.41421 5.41421 4.41421 3.41421 2.41421 1.41421       1 1.41421 2.41421 3.41421 4.41421 5.41421     999     999     999     999     999
    999     999     999     999     999     999     999     999     999     999     999     999     999     999     999     999     999     999     999     999     999     999     999     999     999     999     999     999     999     999     999 11.8284      10       9       8       7       6       5       4       3       2       1       0       1       2       3       4       5     999     999     999     999     999
    999     999     999     999     999     999     999     999     999     999     999     999     999     999     999     999     999     999     999     999     999     999     999     999     999     999     999     999     999     999     999     999 10.4142 9.41421 8.41421 7.41421 6.41421 5.41421 4.41421 3.41421 2.41421 1.41421       1 1.41421 2.41421 3.41421 4.41421 5.41421     999     999     999     999     999
    999     999     999     999     999     999     999     999     999     999     999     999     999     999     999     999     999     999     999     999     999     999     999     999     999     999     999     999     999     999     999     999     999     999 8.82843 7.82843 6.82843 5.82843 4.82843 3.82843 2.82843 2.41421       2 2.41421 2.82843 3.82843 4.82843     999     999     999     999     999     999
    999     999     999     999     999     999     999     999     999     999     999     999     999     999     999     999     999     999     999     999     999     999     999     999     999     999     999     999     999     999     999     999     999     999     999     999 7.24264 6.24264 5.24264 4.24264 3.82843 3.41421       3 3.41421 3.82843 4.24264     999     999     999     999     999     999     999
    999     999     999     999     999     999     999     999     999     999     999     999     999     999     999     999     999     999     999     999     999     999     999     999     999     999     999     999     999     999     999     999     999     999     999     999     999     999 5.65685 5.24264 4.82843 4.41421       4 4.41421     999     999     999     999     999     999     999     999     999
    999     999     999     999     999     999     999     999     999     999     999     999     999     999     999     999     999     999     999     999     999     999     999     999     999     999     999     999     999     999     999     999     999     999     999     999     999     999     999     999     999     999     999     999     999     999     999     999     999     999     999     999     999
    999     999     999     999     999     999     999     999     999     999     999     999     999     999     999     999     999     999     999     999     999     999     999     999     999     999     999     999     999     999     999     999     999     999     999     999     999     999     999     999     999     999     999     999     999     999     999     999     999     999     999     999     999
    999     999     999     999     999     999     999     999     999     999     999     999     999     999     999     999     999     999     999     999     999     999     999     999     999     999     999     999     999     999     999     999     999     999     999     999     999     999     999     999     999     999     999     999     999     999     999     999     999     999     999     999     999
    999     999     999     999     999     999     999     999     999     999     999     999     999     999     999     999     999     999     999     999     999     999     999     999     999     999     999     999     999     999     999     999     999     999     999     999     999     999     999     999     999     999     999     999     999     999     999     999     999     999     999     999     999
    999     999     999     999     999     999     999     999     999     999     999     999     999     999     999     999     999     999     999     999     999     999     999     999     999     999     999     999     999     999     999     999     999     999     999     999     999     999     999     999     999     999     999     999     999     999     999     999     999     999     999     999     999
    999     999     999     999     999     999     999     999     999     999     999     999     999     999     999     999     999     999     999     999     999     999     999     999     999     999     999     999     999     999     999     999     999     999     999     999     999     999     999     999     999     999     999     999     999     999     999     999     999     999     999     999     999