    999     999     999     999     999     999     999     999     999     999     999     999     999     999     999     999     999     999     999     999     999     999     999     999     999     999     999     999     999     999     999     999     999     999     999     999     999     999     999     999     999     999     999     999     999     999     999     999     999     999     999     999     999
    999     999     999     999     999     999     999     999     999     999     999     999     999     999     999     999     999     999     999     999     999     999     999     999     999     999     999     999     999     999     999     999     999     999     999     999     999     999     999     999     999     999     999     999     999     999     999     999     999     999     999     999     999
    999     999     999     999     999     999     999     999     999     999     999     999     999     999     999     999     999     999     999     999     999     999     999     999     999     999     999     999     999     999     999     999     999     999     999     999     999     999     999     999     999     999     999     999     999     999     999     999     999     999     999     999     999
    999     999     999       0       1       2       3       4       5       6       7       8       9      10      11      12      13      14      15 16.8284     999     999     999     999     999     999     999     999     999     999     999     999     999     999     999     999     999     999     999     999     999     999     999     999     999     999     999     999     999     999     999     999     999
    999     999     999       1 1.41421 2.41421 3.41421 4.41421 5.41421 6.41421 7.41421 8.41421 9.41421 10.4142 11.4142 12.4142 13.4142 14.4142 15.4142 16.4142     999     999     999     999     999     999     999     999     999     999     999     999     999     999     999     999     999     999     999     999     999     999     999     999     999     999     999     999     999     999     999     999     999
    999     999     999       2 2.41421 2.82843 3.82843 4.82843 5.82843 6.82843 7.82843 8.82843 9.82843 10.8284 11.8284 12.8284 13.8284 14.8284 15.8284 16.8284 18.6569     999     999     999     999     999     999     999     999     999     999     999     999     999     999     999     999     999     999     999     999     999     999     999     999     999     999     999     999     999     999     999     999
    999     999     999       3 3.41421 3.82843 4.24264 5.24264 6.24264 7.24264 8.24264 9.24264 10.2426 11.2426 12.2426 13.2426 14.2426 15.2426 16.2426 17.2426 18.2426 20.0711     999     999     999     999     999     999     999     999     999     999     999     999     999     999     999     999     999     999     999     999     999     999     999     999     999     999     999     999     999     999     999
    999     999     999       4 4.41421 4.82843 5.24264 5.65685 6.65685 7.65685 8.65685 9.65685 10.6569 11.6569 12.6569 13.6569 14.6569 15.6569 16.6569 17.6569 18.6569 19.6569 21.4853     999     999     999     999     999     999     999     999     999     999     999     999     999     999     999     999     999     999     999     999     999     999     999     999     999     999     999     999     999     999
    999     999     999       5 5.41421 5.82843 6.24264 6.65685 7.07106 8.07106 9.07106 10.0711 11.0711 12.0711 13.0711 14.0711 15.0711 16.0711 17.0711 18.0711 19.0711 20.0711 21.0711 22.8995     999     999     999     999     999     999     999     999     999     999     999     999     999     999     999     999     999     999     999     999     999     999     999     999     999     999     999     999     999
    999     999     999       6 6.41421 6.82843 7.24264 7.65685 8.07106 8.48528 9.48528 10.4853 11.4853 12.4853 13.4853 14.4853 15.4853 16.4853 17.4853 18.4853 19.4853 20.4853 21.4853 22.4853     999     999     999     999     999     999     999     999     999     999     999     999     999     999     999     999     999     999     999     999     999     999     999     999     999     999     999     999     999
    999     999     999       7 7.41421 7.82843 8.24264 8.65685 9.07106 9.48528 9.89949 10.8995 11.8995 12.8995 13.8995 14.8995 15.8995 16.8995 17.8995 18.8995 19.8995 20.8995 21.8995 22.8995 24.7279     999     999     999     999     999     999     999     999     999     999     999     999     999     999     999     999     999     999     999     999     999     999     999     999     999     999     999     999
    999     999     999       8 8.41421 8.82843 9.24264 9.65685 10.0711 10.4853 10.8995 11.3137 12.3137 13.3137 14.3137 15.3137 16.3137 17.3137 18.3137 19.3137 20.3137 21.3137 22.3137 23.3137 24.3137 26.1421     999     999     999     999     999     999     999     999     999     999     999     999     999     999     999     999     999     999     999     999     999     999     999     999     999     999     999
    999     999     999       9 9.41421 9.82843 10.2426 10.6569 11.0711 11.4853 11.8995 12.3137 12.7279 13.7279 14.7279 15.7279 16.7279 17.7279 18.7279 19.7279 20.7279 21.7279 22.7279 23.7279 24.7279 25.7279 27.5563     999     999     999     999     999     999     999     999     999     999     999     999     999     999     999     999     999     999     999     999     999     999     999     999     999     999
    999     999     999      10 10.4142 10.8284 11.2426 11.6569 12.0711 12.4853 12.8995 13.3137 13.7279 14.1421 15.1421 16.1421 17.1421 18.1421 19.1421 20.1421 21.1421 22.1421 23.1421 24.1421 25.1421 26.1421 27.1421     999     999     999     999     999     999     999     999     999     999     999     999     999     999     999     999     999     999     999     999     999     999     999     999     999     999
    999     999     999     999     999     999     999     999     999     999     999     999     999     999 15.5563 16.5563 17.5563 18.5563 19.5563 20.5563 21.5563 22.5563 23.5563     999     999     999     999     999     999     999     999     999     999     999     999     999     999     999     999     999     999     999     999     999     999     999     999     999     999     999     999     999     999
    999     999     999     999     999     999     999     999     999     999     999     999     999     999 16.5563 16.9706     999     999     999     999     999     999     999     999     999     999     999     999     999     999     999     999     999     999     999     999     999     999     999     999     999     999     999     999     999     999     999     999     999     999     999     999     999
    999     999     999     999     999     999     999     999     999     999     999     999     999     999 17.5563 17.9706     999     999     999     999     999     999     999     999     999     999     999     999     999     999     999     999     999     999     999     999     999     999     999     999     999     999     999     999     999     999     999     999     999     999     999     999     999
    999     999     999     999     999     999     999     999     999     999     999     999     999     999 18.5563 18.9706     999     999     999     999     999     999     999     999     999     999     999     999     999     999     999     999     999     999     999     999     999     999     999     999     999     999     999     999     999     999     999     999     999     999     999     999     999
    999     999     999     999     999     999     999     999     999     999     999     999     999     999 19.5563 19.9706     999     999     999     999     999     999     999     999     999     999     999     999     999     999     999     999     999     999     999     999     999     999     999     999     999     999     999     999     999     999     999     999     999     999     999     999     999
    999     999     999     999     999     999     999     999     999     999     999     999     999     999 20.5563 20.9706     999     999     999     999     999     999     999     999     999     999     999     999     999     999     999     999     999     999     999     999     999     999     999     999     999     999     999     999     999     999     999     999     999     999     999     999     999
    999     999     999     999     999     999     999     999     999     999     999     999     999     999 21.5563 21.9706     999     999     999     999     999     999     999     999     999     999     999     999     999     999     999     999     999     999     999     999     999     999     999     999     999     999     999     999     999     999     999     999     999     999     999     999     999
    999     999     999     999     999     999     999     999     999     999     999     999     999     999 22.5563 22.9706     999     999     999     999     999     999     999     999     999     999     999     999     999     999     999     999     999     999     999     999     999     999     999     999     999     999     999     999     999     999     999     999     999     999     999     999     999
    999     999     999     999     999     999     999     999     999 27.9706 26.9706 25.9706 24.9706 23.9706 23.5563 23.9706     999     999     999     999     999     999     999     999     999     999     999     999     999     999     999     999     999     999     999     999     999     999     999     999     999     999     999     999     999     999     999     999     999     999     999     999     999
    999     999     999     999     999     999     999     999     999 28.3848 27.3848 26.3848 25.3848 24.9706 24.5563 24.9706     999     999     999     999     999     999     999     999     999     999     999     999     999     999     999     999     999     999     999     999     999     999     999     999     999     999     999     999     999     999     999     999     999     999     999     999     999
    999     999     999     999     999     999     999     999     999  28.799  27.799  26.799 26.3848 25.9706 25.5563 25.9706     999     999     999     999     999     999     999     999     999     999     999     999     999     999     999     999     999     999     999     999     999     999     999     999     999     999     999     999     999     999     999     999     999     999     999     999     999
    999     999     999     999     999     999     999     999 31.0416 29.2132 28.2132  27.799 27.3848 26.9706 26.5563 26.9706     999     999     999     999     999     999     999     999     999     999     999     999     999     999     999     999     999     999     999     999     999     999     999     999     999     999     999     999     999     999     999     999     999     999     999     999     999
    999     999     999     999     999     999     999     999 30.6274 29.6274 29.2132  28.799 28.3848 27.9706 27.5563 27.9706 28.3848 29.3848 30.3848 31.3848 32.3848 33.3848 34.3848     999     999     999     999     999     999     999     999     999     999     999     999     999     999     999     999     999     999     999     999     999     999     999     999     999     999     999     999     999     999
    999     999     999     999     999     999     999     999 31.0416 30.6274 30.2132  29.799 29.3848 28.9706 28.5563 28.9706 29.3848  29.799  30.799  31.799  32.799  33.799  34.799  35.799  36.799  37.799  38.799  39.799  40.799     999     999     999     999     999     999     999     999     999     999     999     999     999     999     999     999     999     999     999     999     999     999     999     999
    999     999     999     999     999     999     999     999 32.0416 31.6274 31.2132  30.799 30.3848 29.9706 29.5563 29.9706 30.3848  30.799 31.2132 32.2132 33.2132 34.2132 35.2132 36.2132 37.2132 38.2132 39.2132 40.2132 41.2132 43.0416     999     999     999     999     999     999     999     999     999     999     999     999     999     999     999     999     999     999     999     999     999     999     999
    999     999     999     999     999     999     999     999     999 32.6274 32.2132  31.799 31.3848 30.9706 30.5563 30.9706 31.3848  31.799 32.2132 32.6274 33.6274 34.6274 35.6274 36.6274 37.6274 38.6274 39.6274 40.6274 41.6274 42.6274 44.4558     999     999     999     999     999     999     999     999     999     999     999     999     999     999     999     999     999     999     999     999     999     999
    999     999     999     999     999     999     999     999     999 33.6274 33.2132  32.799 32.3848 31.9706 31.5563 31.9706 32.3848  32.799 33.2132 33.6274 34.0416 35.0416 36.0416 37.0416 38.0416 39.0416 40.0416 41.0416 42.0416 43.0416 44.0416   45.87     999     999     999     999     999     999     999     999     999     999     999     999     999     999     999     999     999     999     999     999     999
    999     999     999     999     999     999     999     999     999 34.6274 34.2132  33.799 33.3848 32.9706 32.5563 32.9706 33.3848  33.799 34.2132 34.6274 35.0416 35.4558 36.4558 37.4558 38.4558 39.4558 40.4558 41.4558 42.4558 43.4558 44.4558 45.4558 47.2843     999     999     999     999     999     999     999     999     999     999     999     999     999     999     999     999     999     999     999     999
    999     999     999     999     999     999     999     999     999 35.6274 35.2132  34.799 34.3848 33.9706 33.5563 33.9706 34.3848  34.799 35.2132 35.6274 36.0416 36.4558   36.87   37.87   38.87   39.87   40.87   41.87   42.87   43.87   44.87   45.87   46.87     999     999     999     999     999     999     999     999     999     999     999     999     999     999     999     999     999     999     999     999
    999     999     999     999     999     999     999     999     999     999 36.2132  35.799 35.3848 34.9706 34.5563 34.9706 35.3848  35.799 36.2132 36.6274 37.0416 37.4558   37.87 38.2843 39.2843 40.2843 41.2843 42.2843 43.2843 44.2843 45.2843 46.2843 47.2843 49.1127     999     999     999     999     999     999     999     999     999     999     999     999     999     999     999     999     999     999     999
    999     999     999     999     999     999     999     999     999     999 37.2132  36.799 36.3848 35.9706 35.5563 35.9706 36.3848  36.799 37.2132 37.6274 38.0416 38.4558   38.87 39.2843 39.6985 40.6985 41.6985 42.6985 43.6985 44.6985 45.6985 46.6985 47.6985 48.6985 50.5269     999     999     999     999     999     999     999     999     999     999     999     999     999     999     999     999     999     999
    999     999     999     999     999     999     999     999     999     999     999     999     999     999     999     999     999  37.799 38.2132 38.6274 39.0416 39.4558   39.87 40.2843 40.6985 41.1127 42.1127 43.1127 44.1127 45.1127 46.1127 47.1127 48.1127 49.1127 50.1127 51.9411     999     999     999     999     999     999     999     999     999     999     999     999     999     999     999     999     999
    999     999     999     999     999     999     999     999     999     999     999     999     999     999     999     999     999  38.799 39.2132 39.6274 40.0416 40.4558   40.87 41.2843 41.6985 42.1127 42.5269 43.5269 44.5269 45.5269 46.5269 47.5269 48.5269 49.5269 50.5269 51.5269 53.3553     999     999     999     999     999     999     999     999     999     999     999     999     999     999     999     999
    999     999     999     999     999     999     999     999     999     999     999     999     999     999     999     999     999  39.799 40.2132 40.6274 41.0416 41.4558   41.87 42.2843 42.6985 43.1127     999     999 44.9411 45.9411 46.9411 47.9411 48.9411 49.9411 50.9411 51.9411 52.9411     999     999     999     999     999     999     999     999     999     999     999     999     999     999     999     999
    999     999     999     999     999     999     999     999     999     999     999     999     999     999     999     999     999  40.799 41.2132 41.6274 42.0416 42.4558   42.87 43.2843 43.6985     999     999     999     999 46.3553 47.3553 48.3553 49.3553 50.3553 51.3553 52.3553 53.3553     999     999     999     999     999     999     999     999     999     999     999     999     999     999     999     999
    999     999     999     999     999     999     999     999     999     999     999     999     999     999     999     999     999  41.799 42.2132 42.6274 43.0416 43.4558   43.87 44.2843     999     999     999     999     999     999 47.7695 48.7695 49.7695 50.7695 51.7695 52.7695 53.7695     999     999     999     999     999     999     999     999     999     999     999     999     999     999     999     999
    999     999     999     999     999     999     999     999     999     999     999     999     999     999     999     999     999  42.799 43.2132 43.6274 44.0416 44.4558   44.87     999     999     999     999     999     999     999     999 49.1838 50.1838 51.1838 52.1838 53.1838 54.1838     999     999     999     999     999     999     999     999     999     999     999     999     999     999     999     999
    999     999     999     999     999     999     999     999     999     999     999     999     999     999     999     999     999  43.799 44.2132 44.6274 45.0416 45.4558     999     999     999     999     999     999     999     999     999     999  50.598  51.598  52.598  53.598  54.598     999     999     999     999     999     999     999     999     999     999     999     999     999     999     999     999
    999     999     999     999     999     999     999     999     999     999     999     999     999     999     999     999     999  44.799 45.2132 45.6274 46.0416 46.4558     999     999     999     999     999     999     999     999     999     999  51.598 52.0122 53.0122 54.0122 55.0122     999     999     999     999     999     999     999     999     999     999     999     999     999     999     999     999
    999     999     999     999     999     999     999     999     999     999     999     999     999     999     999     999     999  45.799 46.2132 46.6274 47.0416 47.4558   47.87     999     999     999     999     999     999     999     999 53.0122  52.598 53.0122 53.4264 54.4264 55.4264     999     999     999     999     999     999     999     999     999     999     999     999     999     999     999     999
    999     999     999     999     999     999     999     999     999     999     999     999     999     999     999     999     999  46.799 47.2132 47.6274 48.0416 48.4558   48.87 49.2843     999     999     999     999     999     999 54.4264 54.0122  53.598 54.0122 54.4264 54.8406 55.8406     999     999     999     999     999     999     999     999     999     999     999     999     999     999     999     999
    999     999     999     999     999     999     999     999     999     999     999     999     999     999     999     999     999  47.799 48.2132 48.6274 49.0416 49.4558   49.87 50.2843 50.6985     999     999     999     999 55.8406 55.4264 55.0122  54.598 55.0122 55.4264 55.8406 56.2548     999     999     999     999     999     999     999     999     999     999     999     999     999     999     999     999
    999     999     999     999     999     999     999     999     999     999     999     999     999     999     999     999     999  48.799 49.2132 49.6274 50.0416 50.4558   50.87 51.2843 51.6985 52.1127     999     999 55.9411 56.8406 56.4264 56.0122  55.598 56.0122 56.4264 56.8406 57.2548     999     999     999     999     999     999     999     999     999     999     999     999     999     999     999     999
    999     999     999     999     999     999     999     999     999     999     999     999     999     999     999     999     999  49.799 50.2132 50.6274 51.0416 51.4558   51.87 52.2843 52.6985 53.1127 53.5269 54.5269 55.5269 56.5269 57.4264 57.0122  56.598 57.0122 57.4264 57.8406 58.2548     999     999     999     999     999     999     999     999     999     999     999     999     999     999     999     999
    999     999     999     999     999     999     999     999     999     999     999     999     999     999     999     999     999  50.799 51.2132 51.6274 52.0416 52.4558   52.87 53.2843 53.6985 54.1127 54.5269 54.9411 55.9411 56.9411 57.9411 58.0122  57.598 58.0122 58.4264 58.8406 59.2548     999     999     999     999     999     999     999     999     999     999     999     999     999     999     999     999
    999     999     999     999     999     999     999     999     999     999     999     999     999     999     999     999     999  51.799 52.2132 52.6274 53.0416 53.4558   53.87 54.2843 54.6985 55.1127 55.5269 55.9411 56.3553 57.3553 58.3553 59.0122  58.598 59.0122 59.4264 59.8406 60.2548  60.669  61.669  62.669  63.669  64.669  65.669 67.4975     999     999     999     999     999     999     999     999     999
    999     999     999     999     999     999     999     999     999     999     999     999     999     999     999     999 53.2132  52.799 53.2132 53.6274 54.0416 54.4558   54.87 55.2843 55.6985 56.1127 56.5269 56.9411 57.3553 57.7695 58.7695 59.7695  59.598 60.0122 60.4264 60.8406 61.2548  61.669 62.0832 63.0832 64.0832 65.0832 66.0832 67.0832 68.9117     999     999     999     999     999     999     999     999
    999     999     999     999     999     999     999     999     999     999     999     999     999     999     999     999 54.2132  53.799 54.2132 54.6274 55.0416 55.4558   55.87 56.2843 56.6985 57.1127 57.5269 57.9411 58.3553 58.7695 59.1838 60.1838  60.598 61.0122 61.4264 61.8406 62.2548  62.669 63.0832 63.4975 64.4975 65.4975 66.4975 67.4975 68.4975     999     999     999     999     999     999     999     999
    999     999     999     999     999     999     999     999     999     999     999     999     999     999     999     999     999 55.6274 55.2132 55.6274 56.0416 56.4558   56.87 57.2843 57.6985 58.1127 58.5269 58.9411 59.3553 59.7695 60.1838  60.598  61.598 62.0122 62.4264 62.8406 63.2548  63.669 64.0832 64.4975 64.9117 65.9117 66.9117 67.9117 68.9117 70.7401     999     999     999     999     999     999     999
    999     999     999     999     999     999     999     999     999     999     999     999     999     999     999     999     999     999 57.0416 56.6274 57.0416 57.4558   57.87 58.2843 58.6985 59.1127 59.5269 59.9411 60.3553 60.7695 61.1838  61.598 62.0122 63.0122 63.4264 63.8406 64.2548  64.669 65.0832 65.4975 65.9117 66.3259 67.3259 68.3259 69.3259 70.3259 72.1543     999     999     999     999     999     999
    999     999     999     999     999     999     999     999     999     999     999     999     999     999     999     999     999     999     999 58.4558 58.0416 58.4558   58.87 59.2843 59.6985 60.1127 60.5269 60.9411 61.3553 61.7695 62.1838  62.598 63.0122 63.4264 64.4264 64.8406 65.2548  65.669 66.0832 66.4975 66.9117 67.3259 67.7401 68.7401 69.7401 70.7401 71.7401     999     999     999     999     999     999
    999     999     999     999     999     999     999     999     999     999     999     999     999     999     999     999     999     999     999     999   59.87 59.4558   59.87 60.2843 60.6985 61.1127 61.5269 61.9411 62.3553 62.7695 63.1838  63.598 64.0122 64.4264 64.8406 65.8406 66.2548  66.669 67.0832 67.4975 67.9117 68.3259 68.7401 69.1543 70.1543 71.1543 72.1543 73.9827     999     999     999     999     999
    999     999     999     999     999     999     999     999     999     999     999     999     999     999     999     999     999     999     999     999     999 61.2843   60.87 61.2843 61.6985 62.1127 62.5269 62.9411 63.3553 63.7695 64.1838  64.598 65.0122 65.4264 65.8406 66.2548 67.2548  67.669 68.0832 68.4975 68.9117 69.3259 69.7401 70.1543 70.5685 71.5685 72.5685 73.5685 75.3969     999     999     999     999
    999     999     999     999     999     999     999     999     999     999     999     999     999     999     999     999     999     999     999     999     999     999 62.6985     999     999     999     999     999     999     999     999  65.598 66.0122 66.4264 66.8406 67.2548  67.669  68.669 69.0832 69.4975 69.9117 70.3259 70.7401 71.1543 71.5685 71.9827 72.9827 73.9827 74.9827     999     999     999     999
    999     999     999     999     999     999     999     999     999     999     999     999     999     999     999     999     999     999     999     999     999     999     999     999     999     999     999     999     999     999     999  66.598 67.0122 67.4264 67.8406 68.2548  68.669 69.0832 70.0832 70.4975 70.9117 71.3259 71.7401 72.1543 72.5685 72.9827 73.3969 74.3969 75.3969 77.2254     999     999     999
    999     999     999     999     999     999     999     999     999     999     999     999     999     999     999     999     999     999     999     999     999     999     999     999     999     999     999     999     999     999     999  67.598 68.0122 68.4264 68.8406 69.2548  69.669 70.0832 70.4975 71.4975 71.9117 72.3259 72.7401 73.1543 73.5685 73.9827 74.3969 74.8112 75.8112 76.8112 78.6396     999     999
    999     999     999     999     999     999     999     999     999     999     999     999     999     999     999     999     999     999     999     999     999     999     999     999     999     999     999     999     999     999     999  68.598 69.0122 69.4264 69.8406 70.2548  70.669 71.0832 71.4975 71.9117 72.9117 73.3259 73.7401 74.1543 74.5685 74.9827 75.3969 75.8112 76.2254 77.2254 78.2254     999     999
    999     999     999     999     999     999     999     999     999     999     999     999     999     999     999     999     999     999     999     999     999     999     999     999     999     999     999     999     999     999     999  69.598 70.0122 70.4264 70.8406 71.2548  71.669 72.0832 72.4975 72.9117 73.3259 74.3259 74.7401 75.1543 75.5685 75.9827 76.3969 76.8112 77.2254 77.6396 78.6396     999     999
    999     999     999     999     999     999     999     999     999     999     999     999     999     999     999     999     999     999     999     999     999     999     999     999     999     999     999     999     999     999     999  70.598 71.0122 71.4264 71.8406 72.2548  72.669 73.0832 73.4975 73.9117     999     999     999     999     999     999     999     999     999     999     999     999     999
    999     999     999     999     999     999     999     999     999     999     999     999     999     999     999     999     999     999     999     999     999     999     999     999     999     999     999     999     999     999     999 72.4264 72.0122 72.4264 72.8406 73.2548  73.669 74.0832 74.4975 74.9117     999     999     999     999     999     999     999     999     999     999     999     999     999
    999     999     999     999     999     999     999     999     999     999     999     999     999     999     999     999     999     999     999     999     999     999     999     999     999     999     999     999     999     999     999     999 73.8406 73.4264 73.8406 74.2548  74.669 75.0832 75.4975 75.9117     999     999     999     999     999     999     999     999     999     999     999     999     999
    999     999     999     999     999     999     999     999     999     999     999     999     999     999     999     999     999     999     999     999     999     999     999     999     999     999     999     999     999     999     999     999     999 75.2548 74.8406 75.2548  75.669 76.0832 76.4975 76.9117     999     999     999     999     999     999     999     999     999     999     999     999     999
    999     999     999     999     999     999     999     999     999     999     999     999     999     999     999     999     999     999     999     999     999     999     999     999     999     999     999     999     999     999     999     999     999     999  76.669 76.2548  76.669 77.0832 77.4975 77.9117     999     999     999     999     999     999     999     999     999     999     999     999     999
    999     999     999     999     999     999     999     999     999     999     999     999     999     999     999     999     999     999     999     999     999     999     999     999     999     999     999     999     999     999     999     999     999     999     999 78.0832  77.669 78.0832 78.4975 78.9117     999     999     999     999     999     999     999     999     999     999     999     999     999
    999     999     999     999     999     999     999     999     999     999     999     999     999     999     999     999     999     999     999     999     999     999     999     999     999     999     999     999     999     999     999     999     999     999     999     999 79.4975 79.0832 79.4975 79.9117     999     999     999     999     999     999     999     999     999     999     999     999     999
    999     999     999     999     999     999     999     999     999     999     999     999     999     999     999     999     999     999     999     999     999     999     999     999     999     999     999     999     999     999     999     999     999     999     999     999     999 80.9117 80.4975 80.9117     999     999     999     999     999     999     999     999     999     999     999     999     999
    999     999     999     999     999     999     999     999     999     999     999     999     999     999     999     999     999     999     999     999     999     999     999     999     999     999     999     999     999     999     999     999     999     999     999     999     999     999 82.3259 81.9117 82.3259 83.3259 85.1543     999     999     999     999     999     999     999     999     999     999
    999     999     999     999     999     999     999     999     999     999     999     999     999     999     999     999     999     999     999     999     999     999     999     999     999     999     999     999     999     999     999     999     999     999     999     999     999     999     999 83.7401 83.3259 83.7401 84.7401 86.5685     999     999     999     999     999     999     999     999     999
    999     999     999     999     999     999     999     999     999     999     999     999     999     999     999     999     999     999     999     999     999     999     999     999     999     999     999     999     999     999     999     999     999     999     999     999     999     999     999     999 85.1543 84.7401 85.1543 86.1543 87.9827     999     999     999     999     999     999     999     999
    999     999     999     999     999     999     999     999     999     999     999     999     999     999     999     999     999     999     999     999     999     999     999     999     999     999     999     999     999     999     999     999     999     999     999     999     999     999     999     999     999 86.5685 86.1543 86.5685 87.5685 89.3969     999     999     999     999     999     999     999
    999     999     999     999     999     999     999     999     999     999     999     999     999     999     999     999     999     999     999     999     999     999     999     999     999     999     999     999     999     999     999     999     999     999     999     999     999     999     999     999     999     999 87.9827 87.5685 87.9827 88.9827 90.8112     999     999     999     999     999     999
    999     999     999     999     999     999     999     999     999     999     999     999     999     999     999     999     999     999     999     999     999     999     999     999     999     999     999     999     999     999     999     999     999     999     999     999     999     999     999     999     999     999     999 89.3969 88.9827 89.3969 90.3969 92.2254     999     999     999     999     999
    999     999     999     999     999     999     999     999     999     999     999     999     999     999     999     999     999     999     999     999     999     999     999     999     999     999     999     999     999     999     999     999     999     999     999     999     999     999     999     999     999     999     999     999 90.8112 90.3969 90.8112 91.8112 93.6396     999     999     999     999
    999     999     999     999     999     999     999     999     999     999     999     999     999     999     999     999     999     999     999     999     999     999     999     999     999     999     999     999     999     999     999     999     999     999     999     999     999     999     999     999     999     999     999     999     999 92.2254 91.8112 92.2254 93.2254 95.0538     999     999     999
    999     999     999     999     999     999     999     999     999     999     999     999     999     999     999     999     999     999     999     999     999     999     999     999     999     999     999     999     999     999     999     999     999     999     999     999     999     999     999     999     999     999     999     999     999     999 93.6396 93.2254 93.6396 94.6396 97.0538     999     999
    999     999     999     999     999     999     999     999     999     999     999     999     999     999     999     999     999     999     999     999     999     999     999     999     999     999     999     999     999     999     999     999     999     999     999     999     999     999     999     999     999     999     999     999     999     999     999 95.0538 94.6396 95.0538 96.6396     999     999
    999     999     999     999     999     999     999     999     999     999     999     999     999     999     999     999     999     999     999     999     999     999     999     999     999     999     999     999     999     999     999     999     999     999     999     999     999     999     999     999     999     999     999     999     999     999     999     999 97.0538 96.6396 97.0538     999     999
    999     999     999     999     999     999     999     999     999     999     999     999     999     999     999     999     999     999     999     999     999     999     999     999     999     999     999     999     999     999     999     999     999     999     999     999     999     999     999     999     999     999     999     999     999     999     999     999     999     999     999     999     999
    999     999     999     999     999     999     999     999     999     999     999     999     999     999     999     999     999     999     999     999     999     999     999     999     999     999     999     999     999     999     999     999     999     999     999     999     999     999     999     999     999     999     999     999     999     999     999     999     999     999     999     999     999