    999     999     999     999     999     999     999     999     999     999     999     999     999     999     999     999     999     999     999     999     999     999     999     999     999     999     999     999     999     999     999     999     999     999     999     999     999     999     999     999     999     999     999     999     999     999     999     999     999     999     999     999     999
    999     999     999     999     999     999     999     999     999     999     999     999     999     999     999     999     999     999     999     999     999     999     999     999     999     999     999     999     999     999     999     999     999     999     999     999     999     999     999     999     999     999     999     999     999     999     999     999     999     999     999     999     999
    999     999     999     999     999     999     999     999     999     999     999     999     999     999     999     999     999     999     999     999     999     999     999     999     999     999     999     999     999     999     999     999     999     999     999     999     999     999     999     999     999     999     999     999     999     999     999     999     999     999     999     999     999
    999     999     999     999     999     999     999     999     999     999     999     999     999     999     999     999     999     999     999     999     999     999     999     999     999 81.1421 80.7279 80.3137 80.7279     999     999     999     999     999     999     999     999     999     999     999     999     999     999     999     999     999     999     999     999     999     999     999     999
    999     999     999     999     999     999     999     999     999     999     999     999     999     999     999     999     999     999     999     999     999     999     999     999     999 80.1421 79.7279 79.3137 78.8995 79.3137     999     999     999     999     999     999     999     999     999     999     999     999     999     999     999     999     999     999     999     999     999     999     999
    999     999     999     999     999     999     999     999     999     999     999     999     999     999     999     999     999     999     999     999     999     999     999     999     999 79.1421 78.7279 78.3137 77.8995 77.4853 77.8995     999     999     999     999     999     999     999     999     999     999     999     999     999     999     999     999     999     999     999     999     999     999
    999     999     999     999     999     999     999     999     999     999     999     999     999     999     999     999     999     999     999     999     999     999     999     999     999 78.1421 77.7279 77.3137 76.8995 76.4853 76.0711 76.4853     999     999     999     999     999     999     999     999     999     999     999     999     999     999     999     999     999     999     999     999     999
    999     999     999     999     999     999     999     999     999     999     999     999     999     999     999     999     999     999     999     999     999     999     999     999     999 77.1421 76.7279 76.3137 75.8995 75.4853 75.0711 74.6569 75.0711     999     999     999     999     999     999     999     999     999     999     999     999     999     999     999     999     999     999     999     999
    999     999     999     999     999     999     999     999     999     999     999     999     999     999     999     999     999     999     999     999     999     999     999     999     999 76.1421 75.7279 75.3137 74.8995 74.4853 74.0711 73.6569 73.2426 73.6569     999     999     999     999     999     999     999     999     999     999     999     999     999     999     999     999     999     999     999
    999     999     999     999     999     999     999     999     999     999     999     999     999     999     999     999     999     999     999     999     999     999     999     999     999 75.7279 74.7279 74.3137 73.8995 73.4853 73.0711 72.6569 72.2426 72.6569     999     999     999     999     999     999     999     999     999     999     999     999     999     999     999     999     999     999     999
    999     999     999     999     999     999     999     999     999     999     999     999     999     999     999     999     999     999     999     999     999     999     999     999     999 76.1421 74.3137 73.3137 72.8995 72.4853 72.0711 71.6569 71.2426 71.6569     999     999     999     999     999     999     999     999     999     999     999     999     999     999     999     999     999     999     999
    999     999     999     999     999     999     999     999     999     999     999     999     999     999     999     999     999     999     999     999     999     999     999     999     999     999 74.7279 72.8995 71.8995 71.4853 71.0711 70.6569 70.2426 70.6569     999     999     999     999     999     999     999     999     999     999     999     999     999     999     999     999     999     999     999
    999     999     999     999     999     999     999     999     999     999     999     999     999     999     999     999     999     999     999     999     999     999     999     999     999     999     999 72.4853 71.4853 70.4853 70.0711 69.6569 69.2426 69.6569     999     999     999     999     999     999     999     999     999     999     999     999     999     999     999     999     999     999     999
    999     999     999     999     999     999     999     999     999     999     999     999     999     999     999     999     999     999     999     999     999     999     999     999     999     999     999 72.8995 71.0711 70.0711 69.0711 68.6569 68.2426 68.6569 69.0711     999     999     999     999     999     999     999     999     999     999     999     999     999     999     999     999     999     999
    999     999     999     999     999     999     999     999     999     999     999     999     999     999     999     999     999     999     999     999     999     999     999     999     999     999     999     999     999     999     999 67.6569 67.2426 67.6569 68.0711     999     999     999     999     999     999     999     999     999     999     999     999     999     999     999     999     999     999
    999     999     999     999     999     999     999     999     999     999     999     999     999     999     999     999     999     999     999     999     999     999     999     999     999     999     999     999     999     999     999 66.6569 66.2426 66.6569 67.0711     999     999     999     999     999     999     999     999     999     999     999     999     999     999     999     999     999     999
    999     999     999     999     999     999     999     999     999     999     999     999     999     999     999     999     999     999     999     999     999     999     999     999     999     999     999     999     999     999     999 65.6569 65.2426 65.6569 66.0711     999     999     999     999     999     999     999     999     999     999     999     999     999     999     999     999     999     999
    999     999     999     999     999     999     999     999     999     999     999     999     999     999     999     999     999     999     999     999     999     999     999     999     999     999     999     999     999     999     999 64.6569 64.2426 64.6569 65.0711     999     999     999     999     999     999     999     999     999     999     999     999     999     999     999     999     999     999
    999     999     999     999     999     999     999     999     999     999     999     999     999     999     999     999     999     999     999     999     999     999     999     999     999     999     999     999     999     999     999 63.6569 63.2426 63.6569 64.0711     999     999     999     999     999     999     999     999     999     999     999     999     999     999     999     999     999     999
    999     999     999     999     999     999     999     999     999     999     999     999     999     999     999     999     999     999     999     999     999     999     999     999     999     999     999     999     999     999     999 62.6569 62.2426 62.6569 63.0711 63.4853     999     999     999     999     999     999     999     999     999     999     999     999     999     999     999     999     999
    999     999     999     999     999     999     999     999     999     999     999     999     999     999     999     999     999     999     999     999     999     999     999     999     999     999     999     999     999     999     999 61.6569 61.2426 61.6569 62.0711 62.4853     999     999     999     999     999     999     999     999     999     999     999     999     999     999     999     999     999
    999     999     999     999     999     999     999     999     999     999     999     999     999     999     999     999     999     999     999     999     999     999     999     999     999     999     999     999     999     999     999 60.6569 60.2426 60.6569 61.0711 61.4853     999     999     999     999     999     999     999     999     999     999     999     999     999     999     999     999     999
    999     999     999     999     999     999     999     999     999     999     999     999     999     999     999     999     999     999     999     999 61.7279 61.3137 61.7279     999     999     999     999     999     999     999     999 59.6569 59.2426 59.6569 60.0711 60.4853     999     999     999     999     999     999     999     999     999     999     999     999     999     999     999     999     999
    999     999     999     999     999     999     999     999     999     999     999     999     999     999     999     999     999     999     999     999 60.7279 60.3137 60.7279     999     999     999     999     999     999     999     999 58.6569 58.2426 58.6569 59.0711 59.4853     999     999     999     999     999     999     999     999     999     999     999     999     999     999     999     999     999
    999     999     999     999     999     999     999     999     999     999     999     999     999     999     999     999     999     999     999     999 59.7279 59.3137 59.7279     999     999     999     999     999     999     999     999 57.6569 57.2426 57.6569 58.0711 58.4853     999     999     999     999     999     999     999     999     999     999     999     999     999     999     999     999     999
    999     999     999     999     999     999     999     999     999     999     999     999     999     999     999     999     999     999     999     999 58.7279 58.3137 58.7279     999     999     999     999     999     999     999     999 56.6569 56.2426 56.6569 57.0711 57.4853     999     999     999     999     999     999     999     999     999     999     999     999     999     999     999     999     999
    999     999     999     999     999     999     999     999     999     999     999     999     999     999     999     999     999     999     999     999 57.7279 57.3137 57.7279     999     999     999     999     999     999     999     999 55.6569 55.2426 55.6569 56.0711 56.4853     999     999     999     999     999     999     999     999     999     999     999     999     999     999     999     999     999
    999     999     999     999     999     999     999     999     999     999     999     999     999     999     999     999     999     999     999     999 56.7279 56.3137 56.7279     999     999 57.1421 56.7279 56.3137 55.8995 55.4853 55.0711 54.6569 54.2426 54.6569 55.0711 55.4853     999     999     999     999     999     999     999     999     999     999     999     999     999     999     999     999     999
    999     999     999     999     999     999     999     999     999     999     999     999     999     999     999     999     999     999     999     999 55.7279 55.3137 55.7279     999     999 56.1421 55.7279 55.3137 54.8995 54.4853 54.0711 53.6569 53.2426 53.6569 54.0711 54.4853 54.8995     999     999     999     999     999     999     999     999     999     999     999     999     999     999     999     999
    999     999     999     999     999     999     999     999     999     999     999     999     999     999     999     999     999     999     999     999 54.7279 54.3137 54.7279     999     999 55.1421 54.7279 54.3137 53.8995 53.4853 53.0711 52.6569 52.2426 52.6569 53.0711 53.4853 53.8995     999     999     999     999     999     999     999     999     999     999     999     999     999     999     999     999
    999     999     999     999     999     999     999     999     999     999     999     999     999     999     999     999     999     999     999     999 53.7279 53.3137 53.7279     999     999 54.1421 53.7279 53.3137 52.8995 52.4853 52.0711 51.6569 51.2426 51.6569 52.0711 52.4853 52.8995     999     999     999     999     999     999     999     999     999     999     999     999     999     999     999     999
    999     999     999     999     999     999     999     999     999     999     999     999     999     999     999     999     999     999     999     999 52.7279 52.3137 52.7279 53.1421     999 53.1421 52.7279 52.3137 51.8995 51.4853 51.0711 50.6569 50.2426 50.6569 51.0711 51.4853 51.8995     999     999     999     999     999     999     999     999     999     999     999     999     999     999     999     999
    999     999     999     999     999     999     999     999     999     999     999     999     999     999     999     999     999     999     999     999 51.7279 51.3137 51.7279 52.1421     999 52.1421 51.7279 51.3137 50.8995 50.4853 50.0711 49.6569 49.2426 49.6569 50.0711 50.4853 50.8995     999     999     999     999     999     999     999     999     999     999     999     999     999     999     999     999
    999     999     999     999     999     999     999     999     999     999     999     999     999     999     999     999     999     999     999     999 50.7279 50.3137 50.7279 51.1421     999 51.1421 50.7279 50.3137 49.8995 49.4853 49.0711 48.6569 48.2426 48.6569 49.0711 49.4853 49.8995     999     999     999     999     999     999     999     999     999     999     999     999     999     999     999     999
    999     999     999     999     999     999     999     999     999     999     999     999     999     999     999     999     999     999     999     999 49.7279 49.3137 49.7279 50.1421     999 50.1421 49.7279 49.3137 48.8995 48.4853 48.0711 47.6569 47.2426 47.6569 48.0711 48.4853 48.8995     999     999     999     999     999     999     999     999     999     999     999     999     999     999     999     999
    999     999     999     999     999     999     999     999     999     999     999     999     999     999     999     999     999     999     999     999 48.7279 48.3137 48.7279 49.1421     999 49.7279 48.7279 48.3137 47.8995 47.4853 47.0711 46.6569 46.2426 46.6569 47.0711 47.4853 47.8995     999     999     999     999     999     999     999     999     999     999     999     999     999     999     999     999
    999     999     999     999     999     999     999     999     999     999     999     999     999     999     999     999     999     999     999     999 47.7279 47.3137 47.7279 48.1421     999 50.1421 48.3137 47.3137 46.8995 46.4853 46.0711 45.6569 45.2426 45.6569 46.0711 46.4853 46.8995     999     999     999     999     999     999     999     999     999     999     999     999     999     999     999     999
    999     999     999     999     999     999     999     999     999     999     999     999     999     999     999     999     999     999     999     999 46.7279 46.3137 46.7279 47.1421     999     999     999     999 45.8995 45.4853 45.0711 44.6569 44.2426 44.6569 45.0711 45.4853 45.8995     999     999     999     999     999     999     999     999     999     999     999     999     999     999     999     999
    999     999     999     999     999     999     999     999     999     999     999     999     999     999     999     999     999     999     999     999 45.7279 45.3137 45.7279 46.1421     999     999     999     999     999 44.4853 44.0711 43.6569 43.2426 43.6569 44.0711 44.4853 44.8995     999     999     999     999     999     999     999     999     999     999     999     999     999     999     999     999
    999     999     999     999     999     999     999     999     999     999     999     999     999     999     999     999     999     999     999     999 44.7279 44.3137 44.7279 45.1421     999     999     999     999     999     999 43.0711 42.6569 42.2426 42.6569 43.0711 43.4853 43.8995     999     999     999     999     999     999     999     999     999     999     999     999     999     999     999     999
    999     999     999     999     999     999     999     999     999     999     999     999     999     999     999     999     999     999     999     999 43.7279 43.3137 43.7279     999     999     999     999     999     999     999     999 41.6569 41.2426 41.6569 42.0711 42.4853 42.8995     999     999     999     999     999     999     999     999     999     999     999     999     999     999     999     999
    999     999     999     999     999     999     999     999     999     999     999     999     999     999     999     999     999     999     999     999 42.7279 42.3137     999     999     999     999     999     999     999     999     999     999 40.2426 40.6569 41.0711 41.4853 41.8995     999     999     999     999     999     999     999     999     999     999     999     999     999     999     999     999
    999     999     999     999     999     999     999     999     999     999     999     999     999     999     999     999     999     999     999     999 41.7279 41.3137     999     999     999     999     999     999     999     999     999     999 39.2426 39.6569 40.0711 40.4853 40.8995     999     999     999     999     999     999     999     999     999     999     999     999     999     999     999     999
    999     999     999     999     999     999     999     999     999     999     999     999     999     999     999     999     999     999     999     999 40.7279 40.3137 39.8995     999     999     999     999     999     999     999     999 37.8284 38.2426 38.6569 39.0711 39.4853 39.8995     999     999     999     999     999     999     999     999     999     999     999     999     999     999     999     999
    999     999     999     999     999     999     999     999     999     999     999     999     999     999     999     999     999     999     999     999 39.7279 39.3137 38.8995 39.3137     999     999     999     999     999     999 37.2426 36.8284 37.2426 37.6569 38.0711 38.4853 38.8995     999     999     999     999     999     999     999     999     999     999     999     999     999     999     999     999
    999     999     999     999     999     999     999     999     999     999     999     999     999     999     999     999     999     999     999 39.1421 38.7279 38.3137 37.8995 38.3137 38.7279     999     999     999     999 36.6569 36.2426 35.8284 36.2426 36.6569 37.0711 37.4853 37.8995     999     999     999     999     999     999     999     999     999     999     999     999     999     999     999     999
    999     999     999     999     999     999     999     999     999     999     999     999     999     999     999     999     999     999     999 38.1421 37.7279 37.3137 36.8995 37.3137 37.7279 37.3137     999     999 36.0711 35.6569 35.2426 34.8284 35.2426 35.6569 36.0711 36.4853 36.8995     999     999     999     999     999     999     999     999     999     999     999     999     999     999     999     999
    999     999     999     999     999     999     999     999     999     999     999     999     999     999     999     999     999     999     999 37.1421 36.7279 36.3137 35.8995 36.3137 36.7279 36.3137 35.8995 35.4853 35.0711 34.6569 34.2426 33.8284 34.2426 34.6569 35.0711 35.4853 35.8995     999     999     999     999     999     999     999     999     999     999     999     999     999     999     999     999
    999     999     999     999     999     999     999     999     999     999     999     999     999     999     999     999     999     999     999 36.1421 35.7279 35.3137 34.8995 35.3137 35.7279 35.3137 34.8995 34.4853 34.0711 33.6569 33.2426 32.8284 33.2426 33.6569 34.0711 34.4853 34.8995     999     999     999     999     999     999     999     999     999     999     999     999     999     999     999     999
    999     999     999     999     999     999     999     999     999     999     999     999     999     999     999     999     999     999     999 35.1421 34.7279 34.3137 33.8995 34.3137 34.7279 34.3137 33.8995 33.4853 33.0711 32.6569 32.2426 31.8284 32.2426 32.6569 33.0711 33.4853 33.8995 34.3137     999     999     999     999     999     999     999     999     999     999     999     999     999     999     999
    999     999     999     999     999     999     999     999     999     999     999     999     999     999     999     999     999     999     999 34.1421 33.7279 33.3137 32.8995 33.3137 33.7279 33.3137 32.8995 32.4853 32.0711 31.6569 31.2426 30.8284 31.2426 31.6569 32.0711 32.4853 32.8995 33.3137     999     999     999     999     999     999     999     999     999     999     999     999     999     999     999
    999     999     999     999     999     999     999     999     999     999     999     999     999     999     999     999     999     999     999 33.1421 32.7279 32.3137 31.8995 32.3137 32.7279 32.3137 31.8995 31.4853 31.0711 30.6569 30.2426 29.8284 30.2426 30.6569 31.0711 31.4853 31.8995 32.3137     999     999     999     999     999     999     999     999     999     999     999     999     999     999     999
    999     999     999     999     999     999     999     999     999     999     999     999     999     999     999     999     999     999     999 32.1421 31.7279 31.3137 30.8995 31.3137 31.7279 31.8995 30.8995 30.4853 30.0711 29.6569 29.2426 28.8284 29.2426 29.6569 30.0711 30.4853 30.8995 31.3137     999     999     999     999     999     999     999     999     999     999     999     999     999     999     999
    999     999     999     999     999     999     999     999     999     999     999     999     999     999     999     999     999     999     999 31.1421 30.7279 30.3137 29.8995 30.3137 30.7279 31.1421 30.4853 29.4853 29.0711 28.6569 28.2426 27.8284 28.2426 28.6569 29.0711 29.4853 29.8995 30.3137     999     999     999     999     999     999     999     999     999     999     999     999     999     999     999
    999     999     999     999     999     999     999     999     999     999     999     999     999     999     999     999     999     999     999 30.1421 29.7279 29.3137 28.8995 29.3137 29.7279 30.1421 30.0711 29.0711 28.0711 27.6569 27.2426 26.8284 27.2426 27.6569 28.0711 28.4853 28.8995 29.3137     999     999     999     999     999     999     999     999     999     999     999     999     999     999     999
    999     999     999     999     999     999     999     999     999     999     999     999     999     999     999     999     999     999     999 29.1421 28.7279 28.3137 27.8995 28.3137 28.7279 29.7279 29.6569 28.6569 27.6569 26.6569 26.2426 25.8284 26.2426 26.6569 27.0711 27.4853 27.8995 28.3137     999     999     999     999     999     999     999     999     999     999     999     999     999     999     999
    999     999     999     999     999     999     999     999     999     999     999     999     999     999     999     999     999     999     999 28.1421 27.7279 27.3137 26.8995 27.3137 28.3137 30.1421 29.2426 28.2426 27.2426 26.2426 25.2426 24.8284 25.2426 25.6569 26.0711 26.4853 26.8995 27.3137     999     999     999     999     999     999     999     999     999     999     999     999     999     999     999
    999     999     999     999     999     999     999     999     999     999     999     999     999     999     999     999     999     999     999 27.1421 26.7279 26.3137 25.8995     999     999     999     999     999     999     999     999 23.8284 24.2426 24.6569 25.0711 25.4853 25.8995 26.3137     999     999     999     999     999     999     999     999     999     999     999     999     999     999     999
    999     999     999     999     999     999     999     999     999     999     999     999     999     999     999     999     999     999     999 26.1421 25.7279 25.3137 24.8995     999     999     999     999     999     999     999     999 22.8284 23.2426 23.6569 24.0711 24.4853 24.8995 25.3137     999     999     999     999     999     999     999     999     999     999     999     999     999     999     999
    999     999     999     999     999     999     999     999     999     999     999     999     999     999     999     999     999     999     999 25.1421 24.7279 24.3137 23.8995     999     999     999     999     999     999     999     999 21.8284 22.2426 22.6569 23.0711 23.4853 23.8995 24.3137     999     999     999     999     999     999     999     999     999     999     999     999     999     999     999
    999     999     999     999     999     999     999     999     999     999     999     999     999     999     999     999     999     999     999 24.1421 23.7279 23.3137 22.8995     999     999     999     999     999     999     999     999 20.8284 21.2426 21.6569 22.0711 22.4853 22.8995 23.3137     999     999     999     999     999     999     999     999     999     999     999     999     999     999     999
    999     999     999     999     999     999     999     999     999     999     999     999     999     999     999     999     999     999     999 23.1421 22.7279 22.3137 21.8995     999     999     999     999     999     999     999     999 19.8284 20.2426 20.6569 21.0711 21.4853 21.8995 22.3137     999     999     999     999     999     999     999     999     999     999     999     999     999     999     999
    999     999     999     999     999     999     999     999     999     999     999     999     999     999     999     999     999     999     999 22.1421 21.7279 21.3137 20.8995     999     999     999     999     999     999     999     999 18.8284 19.2426 19.6569 20.0711 20.4853 20.8995 21.3137 21.7279     999     999     999     999     999     999     999     999     999     999     999     999     999     999
    999     999     999     999     999     999     999     999     999     999     999     999     999     999     999     999     999     999     999 21.1421 20.7279 20.3137 19.8995     999     999     999     999     999     999     999     999 17.8284 18.2426 18.6569 19.0711 19.4853 19.8995 20.3137 20.7279     999     999     999     999     999     999     999     999     999     999     999     999     999     999
    999     999     999     999     999     999     999     999     999     999     999     999     999     999     999     999     999     999     999 20.1421 19.7279 19.3137 18.8995     999     999     999     999     999     999     999     999 16.8284 17.2426 17.6569 18.0711 18.4853 18.8995 19.3137 19.7279     999     999     999     999     999     999     999     999     999     999     999     999     999     999
    999     999     999     999     999     999     999     999     999     999     999     999     999     999     999     999     999     999     999 19.1421 18.7279 18.3137 17.8995     999     999     999     999     999     999     999     999 15.8284 16.2426 16.6569 17.0711 17.4853 17.8995 18.3137 18.7279     999     999     999     999     999     999     999     999     999     999     999     999     999     999
    999     999     999     999     999     999     999     999     999     999     999     999     999     999     999     999     999     999     999 18.1421 17.7279 17.3137 16.8995     999     999     999     999     999     999     999     999 14.8284 15.2426 15.6569 16.0711 16.4853 16.8995 17.3137 17.7279     999     999     999     999     999     999     999     999     999     999     999     999     999     999
    999     999     999     999     999     999     999     999     999     999     999     999     999     999     999     999     999     999     999 17.1421 16.7279 16.3137 15.8995     999     999     999     999     999     999     999     999 13.8284 14.2426 14.6569 15.0711 15.4853 15.8995 16.3137 16.7279     999     999     999     999     999     999     999     999     999     999     999     999     999     999
    999     999     999     999     999     999     999     999     999     999     999     999     999     999     999     999     999     999     999 16.1421 15.7279 15.3137 14.8995     999     999     999     999     999     999     999     999 12.8284 13.2426 13.6569 14.0711 14.4853 14.8995 15.3137 15.7279     999     999     999     999     999     999     999     999     999     999     999     999     999     999
    999     999     999     999     999     999     999     999     999     999     999     999     999     999     999     999     999     999     999 15.1421 14.7279 14.3137 13.8995     999     999     999     999     999     999     999     999 11.8284 12.2426 12.6569 13.0711 13.4853 13.8995 14.3137 14.7279     999     999     999     999     999     999     999     999     999     999     999     999     999     999
    999     999     999     999     999     999     999     999     999     999     999     999     999     999     999     999     999     999     999 14.1421 13.7279 13.3137 12.8995 12.4853 12.0711 11.6569 11.2426 10.8284 10.4142      10 10.4142 10.8284 11.2426 11.6569 12.0711 12.4853 12.8995 13.3137 13.7279     999     999     999     999     999     999     999     999     999     999     999     999     999     999
    999     999     999     999     999     999     999     999     999     999     999     999     999     999     999     999     999     999     999 13.7279 12.7279 12.3137 11.8995 11.4853 11.0711 10.6569 10.2426 9.82843 9.41421       9 9.41421 9.82843 10.2426 10.6569 11.0711 11.4853 11.8995 12.3137 12.7279     999     999     999     999     999     999     999     999     999     999     999     999     999     999
    999     999     999     999     999     999     999     999     999     999     999     999     999     999     999     999     999     999     999 14.1421 12.3137 11.3137 10.8995 10.4853 10.0711 9.65685 9.24264 8.82843 8.41421       8 8.41421 8.82843 9.24264 9.65685 10.0711 10.4853 10.8995 11.3137 12.3137     999     999     999     999     999     999     999     999     999     999     999     999     999     999
    999     999     999     999     999     999     999     999     999     999     999     999     999     999     999     999     999     999     999     999 11.8995 10.8995 9.89949 9.48528 9.07106 8.65685 8.24264 7.82843 7.41421       7 7.41421 7.82843 8.24264 8.65685 9.07106 9.48528 9.89949 10.8995 12.7279     999     999     999     999     999     999     999     999     999     999     999     999     999     999
    999     999     999     999     999     999     999     999     999     999     999     999     999     999     999     999     999     999     999     999 12.3137 10.4853 9.48528 8.48528 8.07106 7.65685 7.24264 6.82843 6.41421       6 6.41421 6.82843 7.24264 7.65685 8.07106 8.48528 9.48528 10.4853     999     999     999     999     999     999     999     999     999     999     999     999     999     999     999
    999     999     999     999     999     999     999     999     999     999     999     999     999     999     999     999     999     999     999     999     999 10.0711 9.07106 8.07106 7.07106 6.65685 6.24264 5.82843 5.41421       5 5.41421 5.82843 6.24264 6.65685 7.07106 8.07106 9.07106 10.8995     999     999     999     999     999     999     999     999     999     999     999     999     999     999     999
    999     999     999     999     999     999     999     999     999     999     999     999     999     999     999     999     999     999     999     999     999 10.4853 8.65685 7.65685 6.65685 5.65685 5.24264 4.82843 4.41421       4 4.41421 4.82843 5.24264 5.65685 6.65685 7.65685 8.65685     999     999     999     999     999     999     999     999     999     999     999     999     999     999     999     999
    999     999     999     999     999     999     999     999     999     999     999     999     999     999     999     999     999     999     999     999     999     999 8.24264 7.24264 6.24264 5.24264 4.24264 3.82843 3.41421       3 3.41421 3.82843 4.24264 5.24264 6.24264 7.24264 9.07106     999     999     999     999     999     999     999     999     999     999     999     999     999     999     999     999
    999     999     999     999     999     999     999     999     999     999     999     999     999     999     999     999     999     999     999     999     999     999 8.65685 6.82843 5.82843 4.82843 3.82843 2.82843 2.41421       2 2.41421 2.82843 3.82843 4.82843 5.82843 6.82843     999     999     999     999     999     999     999     999     999     999     999     999     999     999     999     999     999
    999     999     999     999     999     999     999     999     999     999     999     999     999     999     999     999     999     999     999     999     999     999     999 6.41421 5.41421 4.41421 3.41421 2.41421 1.41421       1 1.41421 2.41421 3.41421 4.41421 5.41421 7.24264     999     999     999     999     999     999     999     999     999     999     999     999     999     999     999     999     999
    999     999     999     999     999     999     999     999     999     999     999     999     999     999     999     999     999     999     999     999     999     999     999 6.82843       5       4       3       2       1       0       1       2       3       4       5     999     999     999     999     999     999     999     999     999     999     999     999     999     999     999     999     999     999
    999     999     999     999     999     999     999     999     999     999     999     999     999     999     999     999     999     999     999     999     999     999     999     999     999     999     999     999     999     999     999     999     999     999     999     999     999     999     999     999     999     999     999     999     999     999     999     999     999     999     999     999     999
    999     999     999     999     999     999     999     999     999     999     999     999     999     999     999     999     999     999     999     999     999     999     999     999     999     999     999     999     999     999     999     999     999     999     999     999     999     999     999     999     999     999     999     999     999     999     999     999     999     999     999     999     999